1.000000000000000000e+02
1.080331519076467686e+02
1.167116191110068115e+02
1.260872407680680851e+02
1.362160203551271707e+02
1.471584601928055918e+02
1.589799228450475539e+02
1.717510215498498383e+02
1.855480420138844124e+02
2.004533980905239900e+02
2.165561240631756732e+02
2.339524064744825580e+02
2.527461586781726908e+02
2.730496415455322676e+02
2.949841340341698128e+02
3.186806576245910492e+02
3.442807589518621398e+02
3.719373553072639993e+02
4.018156480603807950e+02
4.340941094577660806e+02
4.689655486926548065e+02
5.066382636136649467e+02
5.473372849520145564e+02
5.913057204993992855e+02
6.388062072657205590e+02
6.901224802908534457e+02
7.455610674814365666e+02
8.054531205964931360e+02
8.701563933188906503e+02
9.400573782282974662e+02
1.015573615440418052e+03
1.097156186702726018e+03
1.185292409844701751e+03
1.280508749677332389e+03
1.383373962729620871e+03
1.494502494606524124e+03
1.614558150261836545e+03
1.744258059109661417e+03
1.884376958659309821e+03
2.035751822261108373e+03
2.199286858606028090e+03
2.375958912842762857e+03
2.566823301574694597e+03
2.773020116591063470e+03
2.995781034986427130e+03
3.236436676347356297e+03
3.496424550953136986e+03
3.777297646467454797e+03
4.080733704412151383e+03
4.408545241834120134e+03
4.762690378027989027e+03
5.145284530985853053e+03
5.558613053440591102e+03
6.005144883981762177e+03
6.487547294786289058e+03
7.008701824056906844e+03
7.571721488337399933e+03
8.179969377519475529e+03
8.837078743614601990e+03
9.546974703287516604e+03
1.031389768378722147e+04
1.114242875232509869e+04
1.203751698020067124e+04
1.300450900512897897e+04
1.404918096835460710e+04
1.517777301732271553e+04
1.639702658000205338e+04
1.771422463351085389e+04
1.913723520758254381e+04
2.067455838273133122e+04
2.233537706385123238e+04
2.412961183253607305e+04
2.606798020576922863e+04
2.816206065495399162e+04
3.042436176769003578e+04
3.286839696542054298e+04
3.550876522326109989e+04
3.836123827417535358e+04
4.144285481839423301e+04
4.477202230082129972e+04
4.836862686437171214e+04
5.225415213602958829e+04
5.645180755516963109e+04
6.098666701068888506e+04
6.588581861506814312e+04
7.117852651001310733e+04
7.689640567018715956e+04
8.307361074919368548e+04
8.974704009584349114e+04
9.695655615935915557e+04
1.047452236000632111e+05
1.131595665278606757e+05
1.222498464050784387e+05
1.320703622736631078e+05
1.426797751000857097e+05
1.541414581753645325e+05
1.665238756632531877e+05
1.799009915577833308e+05
1.943527114929826348e+05
2.099653600438441790e+05
2.268321963696038583e+05
2.450539712794260122e+05
2.647395290480231051e+05
2.860064575760391308e+05
3.089817907788013108e+05
3.338027673990300973e+05
3.606176507761233370e+05
3.895866144687560154e+05
4.208826990208889474e+05
4.546928455862411065e+05
4.912190125853861100e+05
5.306793820656121243e+05
5.733096629695033189e+05
6.193644990970605286e+05
6.691189901715635788e+05
7.228703350949580781e+05
7.809396072084504412e+05
8.436736721624843776e+05
9.114472598521175096e+05
9.846652027941230917e+05
1.063764854316314217e+06
1.149218701003699796e+06
1.241537185006410582e+06
1.341271753067898331e+06
1.449018150486198021e+06
1.565419979684129357e+06
1.691172544644807000e+06
1.827027004176541464e+06
1.973794858815768734e+06
2.132352798169759102e+06
2.303647937653694768e+06
2.488703475902785081e+06
2.688624806652944069e+06
2.904606121598046273e+06
3.137937543664827477e+06
3.390012833314498886e+06
3.662337713903368916e+06
3.956538865832268726e+06
4.274373643209654838e+06
4.617740571069106460e+06
4.988690685844117776e+06
5.389439786840606481e+06
5.822381671888660640e+06
6.290102436234453693e+06
6.795395920083764009e+06
7.341280397070115432e+06
7.931016603333059698e+06
8.568127214899482206e+06
9.256417889712790027e+06
1.000000000000000000e+07
