1.518951830159099700e+03,1.772004514666934938e+03,1.772004514666934938e+03,1.772004514666934938e+03,1.772004514666934938e+03,1.772004514666934938e+03
1.600016553428344423e+03,1.914352329140488791e+03,1.914352329140488791e+03,1.914352329140488791e+03,1.914352329140488791e+03,1.914352329140488791e+03
1.685373351193291455e+03,2.067868058697335528e+03,2.068135159787917928e+03,2.068135159787917928e+03,2.068135159787917928e+03,2.068135159787917928e+03
1.775244819817471353e+03,2.233206712022369629e+03,2.234271598829134746e+03,2.234271598829134746e+03,2.234271598829134746e+03,2.234271598829134746e+03
1.869865412741363571e+03,2.362683311322274676e+03,2.413754030392484310e+03,2.413754030392484310e+03,2.413754030392484310e+03,2.413754030392484310e+03
1.969481798008133410e+03,2.487893033237530744e+03,2.607654558330859345e+03,2.607654558330859345e+03,2.607654558330859345e+03,2.607654558330859345e+03
2.074354024206365921e+03,2.619708935134475723e+03,2.817131410228252662e+03,2.817131410228252662e+03,2.817131410228252662e+03,2.817131410228252662e+03
2.184755776195077033e+03,2.758478741693925713e+03,3.043435855849919335e+03,3.043435855849919335e+03,3.043435855849919335e+03,3.043435855849919335e+03
2.300975610401114409e+03,2.904568873402285135e+03,3.286222795154525556e+03,3.287919681362132906e+03,3.287919681362132906e+03,3.287919681362132906e+03
2.423317458423374319e+03,3.058365315729911799e+03,3.502066597069243471e+03,3.552043263967368603e+03,3.552043263967368603e+03,3.552043263967368603e+03
2.552101756698712961e+03,3.220274759644041751e+03,3.687300432943286523e+03,3.837384295187201587e+03,3.837384295187201587e+03,3.837384295187201587e+03
2.687666041903684800e+03,3.390725582171603946e+03,3.882315762327452831e+03,4.144769050447807786e+03,4.145647204899769349e+03,4.145647204899769349e+03
2.830366157249781736e+03,3.570169083578911795e+03,4.087629903283738713e+03,4.475440431300455202e+03,4.478673342424474868e+03,4.478673342424474868e+03
2.980577170603144623e+03,3.759080659396208830e+03,4.303787638774352672e+03,4.737150082765059778e+03,4.838451975468714409e+03,4.838451975468714409e+03
3.138694283112488392e+03,3.957961020262941474e+03,4.531362635183167185e+03,4.987597500634493372e+03,5.225389769072944546e+03,5.227132172636651376e+03
3.305134201444704104e+03,4.167337601912663558e+03,4.770958988347781087e+03,5.251279214277004940e+03,5.642113919100236672e+03,5.647035640478031382e+03
3.480335936793369910e+03,4.387765851264417506e+03,5.023212770191217714e+03,5.528895263630820409e+03,5.955870691334065668e+03,6.100670591756585054e+03
3.664762205550560338e+03,4.619830750421764606e+03,5.288793728241736062e+03,5.821182702198071638e+03,6.270718773245786906e+03,6.585574428598975828e+03
3.858900659440387244e+03,4.864148344467484094e+03,5.568407044105983005e+03,6.128917540963215288e+03,6.602208390660596706e+03,7.015906415374677636e+03
4.063265075008789154e+03,5.121367326597128340e+03,5.862795178749352999e+03,6.452916793716248321e+03,6.951219524241207182e+03,7.386783224928081836e+03
4.278396778841782179e+03,5.392170755280331832e+03,6.172739835181546368e+03,6.794040640351268848e+03,7.318678649025016966e+03,7.777264481265215181e+03
4.504866111065006407e+03,5.677277851370316966e+03,6.499064021778543975e+03,7.153194703725421277e+03,7.705561190397711471e+03,8.188386653982793177e+03
4.743273792231976586e+03,5.977445854603822227e+03,6.842634214779385729e+03,7.531332443750892708e+03,8.112894108848241558e+03,8.621240982107716263e+03
4.994252619790953759e+03,6.293472039416280495e+03,7.204362657183687588e+03,7.929457687747530144e+03,8.541758626118904431e+03,9.076976371160211784e+03
5.258469090544173014e+03,6.626195801862981170e+03,7.585209768446928138e+03,8.348627290595675731e+03,8.993293093749407490e+03,9.556802442500420511e+03
5.536625012291683561e+03,6.976500845502217999e+03,7.986186680433043875e+03,8.789953935820321931e+03,9.468696013610164300e+03,1.006199274407782832e+04
5.829459454937971714e+03,7.345317534952051574e+03,8.408357924043415551e+03,9.254609091203852586e+03,9.969229220886449184e+03,1.059388813216744347e+04
6.137750609098899076e+03,7.733625339210800121e+03,8.852844248293413330e+03,9.743826117157792396e+03,1.049622123375625597e+04,1.115390033103773385e+04
6.462317846993136300e+03,8.142455425904483491e+03,9.320825595291382342e+03,1.025890354192264567e+04,1.105107078109254508e+04,1.174351568113174289e+04
6.804023795915497431e+03,8.572893380486984825e+03,9.813544229791426915e+03,1.080120850894068826e+04,1.163525051613585492e+04,1.236429908504614468e+04
7.163776628392714883e+03,9.026082088346307501e+03,1.033230803933123389e+04,1.137218040801838288e+04,1.225031092692039419e+04,1.301789816217673069e+04
7.542532420319009361e+03,9.503224762878477122e+03,1.087849400713493924e+04,1.197333469764598885e+04,1.289788445292642245e+04,1.370604762265913268e+04
7.941297667467144493e+03,1.000558813970996744e+04,1.145355186987581510e+04,1.260626692951169753e+04,1.357968981922040439e+04,1.443057387236409159e+04
8.361131924479053851e+03,1.053450583929726417e+04,1.205900796837564849e+04,1.327265698534845069e+04,1.429753659938684905e+04,1.519339986109398160e+04
8.803150582079993910e+03,1.109138190813943038e+04,1.269646930171052009e+04,1.397427353743632193e+04,1.505333001940273243e+04,1.599655018687643860e+04
9.268527827587302454e+03,1.167769455110011040e+04,1.336762779592224979e+04,1.471297874468972623e+04,1.584907601523921949e+04,1.684215646992519760e+04
9.758499743529582702e+03,1.229500005875248280e+04,1.407426479743168420e+04,1.549073319647800417e+04,1.668688655752957857e+04,1.773246301051164846e+04
1.027436758377365913e+04,1.294493694321437033e+04,1.481825580366581926e+04,1.630960111747799056e+04,1.756898525751071065e+04,1.866983274580341094e+04
1.081750122999658197e+04,1.362923029239285643e+04,1.560157544323560251e+04,1.717175584733843061e+04,1.849771326912332006e+04,1.965675352149251194e+04
1.138934282001822976e+04,1.434969635284950891e+04,1.642630271870955039e+04,1.807948560969189202e+04,1.947553550295075911e+04,2.069584469487255774e+04
1.199141059016005420e+04,1.510824735558846987e+04,1.729462652624308976e+04,1.903519958592645708e+04,2.050504716853089485e+04,2.178986408691127144e+04
1.262530290691946357e+04,1.590689659507264696e+04,1.820885146638659717e+04,2.004143430979470213e+04,2.158898066240722255e+04,2.294171530177688328e+04
1.329270252178221017e+04,1.674776377646906258e+04,1.917140396175730348e+04,2.110086039990929930e+04,2.273021282022949526e+04,2.415445543326007828e+04
1.399538104374660725e+04,1.763308064436893255e+04,2.018483869773371771e+04,2.221628964799856476e+04,2.393177255216248886e+04,2.543130317853928500e+04
1.473520365574817333e+04,1.856519690867719328e+04,2.125184540339702289e+04,2.339068248177542773e+04,2.519684888188224431e+04,2.677564738085927092e+04
1.551413407126882703e+04,1.954658648273485960e+04,2.237525599068254451e+04,2.462715582223390084e+04,2.652879941050553316e+04,2.819105602376215393e+04
1.633423975747304758e+04,2.057985405087837717e+04,2.355805207078910462e+04,2.592899135625326744e+04,2.793115922791664343e+04,2.968128570077972472e+04
1.719769742984837285e+04,2.166774198258077740e+04,2.480337286779141141e+04,2.729964424647326450e+04,2.940765029515960123e+04,3.125029158568712955e+04
1.810679883663845976e+04,2.281313761174799583e+04,2.611452355050242113e+04,2.874275230156771067e+04,3.096219132278915276e+04,3.290223792983508611e+04
1.906395684765987608e+04,2.401908090052202169e+04,2.749498400471308196e+04,3.026214563125884524e+04,3.259890817140628496e+04,3.464150911434376030e+04
2.007171186298353859e+04,2.528877250797220404e+04,2.894841806911413005e+04,3.186185681171177202e+04,3.432214480199294485e+04,3.647272128656616405e+04
2.113273855957777778e+04,2.662558228516385498e+04,3.047868325941013245e+04,3.354613158827035659e+04,3.613647480507488217e+04,3.840073461166637571e+04
2.224985299305262015e+04,2.803305821916350760e+04,3.208984100645809303e+04,3.531944014398734726e+04,3.804671353935854131e+04,4.043066617183752533e+04
2.342602007421285816e+04,2.951493584977481078e+04,3.378616743559990573e+04,3.718648896377942583e+04,4.005793091203024960e+04,4.256790354739618488e+04
2.466436143978953260e+04,3.107514818399519208e+04,3.557216471581643418e+04,3.915223332577922702e+04,4.217546483464389166e+04,4.481811911579658045e+04
2.596816373883374035e+04,3.271783613454457009e+04,3.745257300879500690e+04,4.122189045299055579e+04,4.440493539031202090e+04,4.718728510651773831e+04
2.734088735656807330e+04,3.444735951015444880e+04,3.943238304965467978e+04,4.340095336016279180e+04,4.675225974979895545e+04,4.968168945177778369e+04
2.878617559912884826e+04,3.626830858683479164e+04,4.151684939267449954e+04,4.569520543263613217e+04,4.922366787610621395e+04,5.230795247514580115e+04
3.030786436355607657e+04,3.818551629077484540e+04,4.371150435730796016e+04,4.811073577585082239e+04,5.182571905922963924e+04,5.507304446234379429e+04
3.190999231880340812e+04,4.020407102531175042e+04,4.602217271130614972e+04,5.065395537625890574e+04,5.456531932497386879e+04,5.798430416087208141e+04
3.359681162481573847e+04,4.232933017587115319e+04,4.845498713006860635e+04,5.333161411654086260e+04,5.744973976402809058e+04,6.104945825755867554e+04
3.537279921816539718e+04,4.456693432886055234e+04,5.101640447319242958e+04,5.615081869022492174e+04,6.048663582994847820e+04,6.427664188572611602e+04
3.724266869421384035e+04,4.692282224218050396e+04,5.371322292142934748e+04,5.911905146341022191e+04,6.368406765727137827e+04,6.767442021640464372e+04
3.921138281736412318e+04,4.940324660710321041e+04,5.655260001953306346e+04,6.224419033344909985e+04,6.705052145366759214e+04,7.125181119089492131e+04
4.128416669256536989e+04,5.201479064335232397e+04,5.954207167288299388e+04,6.553452963744741282e+04,7.059493202292243950e+04,7.501830945501453243e+04
4.346652163322174601e+04,5.476438557142845821e+04,6.268957214830468729e+04,6.899880216601552092e+04,7.432670647855834977e+04,7.898391155856280238e+04
4.576423976196126023e+04,5.765932900855362095e+04,6.600345513216851396e+04,7.264620234070516017e+04,7.825574921094838646e+04,8.315914248682184552e+04
4.818341938337997999e+04,6.070730433705692121e+04,6.949251590165785456e+04,7.648641061664743756e+04,8.239248817426734604e+04,8.755508359466445108e+04
5.073048116936915903e+04,6.391640109660881717e+04,7.316601466804904339e+04,8.052961917515704408e+04,8.674790256301095360e+04,9.218340201720426558e+04
5.341218520002815785e+04,6.729513645442551933e+04,7.703370115396083565e+04,8.478655897449521581e+04,9.133355195154683315e+04,9.705638163519903901e+04
5.623564890538941108e+04,7.085247781042555289e+04,8.110584046979872801e+04,8.926852823058218928e+04,9.616160697403213999e+04,1.021869556773283257e+05
5.920836595557509281e+04,7.459786659733740089e+04,8.539324035807681503e+04,9.398742240325351304e+04,1.012448816261286120e+05,1.075887410458875529e+05
6.233822614952248114e+04,7.854124333892132563e+04,8.990727987792204658e+04,9.895576576764194760e+04,1.065968672742428316e+05,1.132760744569985545e+05
6.563353635506113642e+04,8.269307403281462030e+04,9.465993960589234484e+04,1.041867446544787381e+05,1.122317684625558177e+05,1.192640504912568867e+05
6.910304255592194386e+04,8.706437792802143667e+04,9.966383343326518661e+04,1.096942424475384905e+05,1.181645406128771137e+05,1.255685616558038164e+05
7.275595306418865221e+04,9.166675677077073487e+04,1.049322420441872091e+05,1.154928764311102568e+05,1.244109297173797386e+05,1.322063405641525751e+05
7.660196295980311697e+04,9.651242559636128135e+04,1.104791481635379459e+05,1.215980365852922550e+05,1.309875141295649955e+05,1.391950043457142601e+05
8.065127982198446989e+04,1.016142451487199141e+05,1.163192736680607195e+05,1.280259264320753864e+05,1.379117485643719847e+05,1.465531014028913633e+05
8.491465082085876202e+04,1.069857560137151304e+05,1.224681186592515587e+05,1.347936060406232136e+05,1.452020104242106609e+05,1.543001606398343283e+05
8.940339124119990447e+04,1.126412145568191190e+05,1.289420026017134369e+05,1.419190373058891273e+05,1.528776485738742631e+05,1.624567432935195102e+05
9.412941451398665959e+04,1.185956307604986650e+05,1.357581076361566084e+05,1.494211316207415075e+05,1.609590346937790455e+05,1.710444975047100452e+05
9.910526383548209560e+04,1.248648080617581436e+05,1.429345241820014780e+05,1.573198000681230333e+05,1.694676173478291312e+05,1.800862157736350200e+05
1.043441454577523109e+05,1.314653852955665789e+05,1.504902989506162121e+05,1.656360062664567959e+05,1.784259789094035805e+05,1.896058954528785252e+05
1.098599637389849813e+05,1.384148808554891439e+05,1.584454854966218700e+05,1.743918220085559878e+05,1.878578954965569719e+05,1.996288024380329298e+05
1.156673580466260755e+05,1.457317391887286503e+05,1.668211974414274446e+05,1.836104858417052310e+05,1.977884000754966110e+05,2.101815382251506962e+05
1.217817416112870851e+05,1.534353797489791468e+05,1.756396645102584735e+05,1.933164647443903959e+05,2.082438488998282701e+05,2.212921105129773787e+05
1.282193424345343083e+05,1.615462485370124050e+05,1.849242915314027923e+05,2.035355190633707680e+05,2.192519914618945913e+05,2.329900075373410364e+05
1.349972463591426786e+05,1.700858723657951341e+05,1.946997205542595475e+05,2.142947708834403020e+05,2.308420441418680712e+05,2.453062763349931920e+05
1.421334424161156930e+05,1.790769159941553953e+05,2.049918962510633282e+05,2.256227760113367694e+05,2.430447677500683349e+05,2.582736051446144120e+05
1.496468705688309856e+05,1.885432422806383984e+05,2.158281347758584307e+05,2.375495997648519697e+05,2.558925491683033761e+05,2.719264101636876003e+05
1.575574719810299284e+05,1.985099755171996076e+05,2.272371962634815718e+05,2.501068967682851944e+05,2.694194873069186579e+05,2.863009268914907007e+05
1.658862419420592196e+05,2.090035681108363206e+05,2.392493611609709333e+05,2.633279949660311686e+05,2.836614836056907661e+05,3.014353063006479642e+05
1.746552855898355774e+05,2.200518707901212911e+05,2.518965105939905043e+05,2.772479840772752068e+05,2.986563373187562102e+05,3.173697160924770869e+05
1.838878765794315550e+05,2.316842065229872533e+05,2.652122109815656440e+05,2.919038087265599170e+05,3.144438458364786929e+05,3.341464473048788495e+05
1.936085188529788866e+05,2.439314483419331955e+05,2.792318031237095129e+05,3.073343664974056301e+05,3.310659103105046670e+05,3.518100265557087841e+05
2.038430116748504806e+05,2.568261012832109700e+05,2.939924959983746521e+05,3.235806111692140112e+05,3.485666468623501714e+05,3.704073342195354053e+05
2.146185181047040387e+05,2.704023886574670323e+05,3.095334655166847515e+05,3.406856614114645636e+05,3.669925036706724204e+05,3.899877288514305837e+05
2.259636370901506743e+05,2.846963428807993187e+05,3.258959584985405090e+05,3.586949152236777009e+05,3.863923842479838640e+05,4.106031781880310155e+05
2.379084793703556643e+05,2.997459011073097936e+05,3.431234021445650142e+05,3.776561704248809256e+05,4.068177772339941002e+05,4.323083970735379844e+05
2.504847473920485936e+05,3.155910059169670567e+05,3.612615192949328921e+05,3.976197515123623307e+05,4.283228930500623537e+05,4.551609926767480792e+05
2.637258194500355748e+05,3.322737113260038313e+05,3.803584497809812892e+05,4.186386432264075265e+05,4.509648077774445410e+05,4.792216173845028970e+05
2.776668382755179191e+05,3.498382944012188818e+05,4.004648781916935113e+05,4.407686311755023198e+05,4.748036146412040689e+05,5.045541297773668193e+05
2.923448043073770241e+05,3.683313727744055795e+05,4.216341683941375231e+05,4.640684498952407157e+05,4.999025835018344806e+05,5.312257641147642862e+05
3.077986738939068746e+05,3.878020283688133932e+05,4.439225051649088855e+05,4.885999387338915840e+05,5.263283287778947270e+05,5.593073087794067105e+05
3.240694626856973046e+05,4.083019376659924164e+05,4.673890433084455435e+05,5.144282059783498989e+05,5.541509862453332171e+05,5.888732941546145594e+05
3.412003544940431602e+05,4.298855088588062208e+05,4.920960646580277244e+05,5.416218016560858814e+05,5.834443991827435093e+05,6.200021904331584228e+05
3.592368159037856385e+05,4.526100262545667356e+05,5.181091433761084336e+05,5.702528994717120659e+05,6.142863143565849168e+05,6.527766158826447790e+05
3.782267169448178029e+05,4.765358023115941905e+05,5.454973199927322567e+05,6.003974883610371035e+05,6.467585883665418951e+05,6.872835561201733071e+05
3.982204581424930366e+05,5.017263377127047279e+05,5.743332846439308487e+05,6.321355741710236762e+05,6.809474048986652633e+05,7.236145949782466050e+05
4.192711042841355084e+05,5.282484899004589533e+05,6.046935699964229716e+05,6.655513920008974383e+05,7.169435034628981957e+05,7.618661575746709714e+05
4.414345252567029092e+05,5.561726505214880453e+05,6.366587543706675060e+05,7.007336297679856652e+05,7.548424202220820589e+05,8.021397662315599155e+05
4.647695443293735152e+05,5.855729322508553741e+05,6.703136756013605045e+05,7.377756635916627711e+05,7.947447415516162291e+05,8.445423099226661725e+05
4.893380942746100482e+05,6.165273654922682326e+05,7.057476562029739143e+05,7.767758056200903375e+05,8.367563710027263733e+05,8.891863279642147245e+05
5.152053817420834093e+05,6.491181054762302665e+05,7.430547404379732907e+05,8.178375649575419957e+05,8.809888103779017692e+05,9.361903087020951789e+05
5.424400603216593154e+05,6.834316503057713853e+05,7.823339439168476965e+05,8.610699223848036490e+05,9.275594556644783588e+05,9.856790039882408455e+05
5.711144127548454562e+05,7.195590705284617143e+05,8.236895163924742956e+05,9.065876196017770562e+05,9.765919086117864354e+05,1.037783760280743358e+06
6.013045427782294573e+05,7.575962508440042147e+05,8.672312184462491423e+05,9.545114637599790003e+05,1.028216304778849706e+06,1.092642867246551206e+06
6.330905771081307903e+05,7.976441445889414754e+05,9.130746128003508784e+05,1.004968648093194934e+06,1.082569658923254116e+06,1.150401924791919766e+06
6.665568781024961499e+05,8.398090416738770436e+05,9.613413710292788455e+05,1.058093089497167151e+06,1.139796228647898417e+06,1.211214229494741885e+06
7.017922676645087777e+05,8.842028506843183422e+05,1.012159596484727575e+06,1.114025783954445040e+06,1.200047897270758171e+06,1.275241181464376627e+06
7.388902629821184091e+05,9.309433958938930882e+05,1.065664164290845627e+06,1.172915180747561855e+06,1.263484576933834236e+06,1.342652712708837120e+06
7.779493247292049928e+05,9.801547299782141345e+05,1.121997079312224872e+06,1.234917576453818940e+06,1.330274633021154441e+06,1.413627738146219170e+06
8.190731183870995883e+05,1.031967463259346783e+06,1.181307853044763207e+06,1.300197529767320491e+06,1.400595331012293464e+06,1.488354630457408493e+06
8.623707893800076563e+05,1.086519110354751116e+06,1.243753900429623667e+06,1.368928298249274259e+06,1.474633306957332417e+06,1.567031720040340209e+06
9.079572527546060737e+05,1.143954455150682013e+06,1.309500957643501693e+06,1.441292298165655695e+06,1.552585062821991276e+06,1.649867821392757818e+06
9.559534981725986581e+05,1.204425935068772640e+06,1.378723521974015050e+06,1.517481588632751256e+06,1.634657488017617725e+06,1.737082787320482545e+06
1.006486911025783280e+06,1.268094045645540347e+06,1.451605314947717125e+06,1.597698381355476798e+06,1.721068408500089077e+06,1.828908092442143941e+06
1.059691610525720287e+06,1.335127766498866491e+06,1.528339769939874299e+06,1.682155577311377740e+06,1.812047164895192720e+06,1.925587447538975161e+06
1.115708805665550986e+06,1.405705009811639786e+06,1.609130545560172992e+06,1.771077331804719521e+06,1.907835221184669062e+06,2.027377446380340029e+06
1.174687169998543104e+06,1.480013092523178319e+06,1.694192066176906228e+06,1.864699649390327511e+06,2.008686805568477605e+06,2.134548246741450857e+06
1.236783236228068359e+06,1.558249233481446980e+06,1.783750091014263453e+06,1.963271010246223072e+06,2.114869585204273462e+06,2.247384287421056535e+06
1.302161811656346079e+06,1.640621076875702478e+06,1.878042313333059661e+06,2.067053029657298932e+06,2.226665376614677720e+06,2.366185043161880691e+06
1.370996415594571969e+06,1.727347243338684551e+06,1.977318991285296157e+06,2.176321152360719163e+06,2.344370893648143392e+06,2.491265819477555808e+06
1.443469739895288832e+06,1.818657910181055777e+06,2.081843612116785021e+06,2.291365383595379535e+06,2.468298534978132229e+06,2.622958589495483320e+06
1.519774133829338476e+06,1.914795422298084712e+06,2.191893591480826028e+06,2.412491058796152007e+06,2.598777213231199887e+06,2.761612875036713202e+06
1.600112114594289334e+06,2.016014935369920684e+06,2.307761009718490299e+06,2.540019653975524008e+06,2.736153227943921462e+06,2.907596674271358643e+06
1.684696904809231171e+06,2.122585093062710017e+06,2.429753387060591020e+06,2.674289638943282422e+06,2.880791184666244313e+06,3.061297438411406241e+06
1.773752998422506265e+06,2.234788740027542226e+06,2.558194499807642773e+06,2.815657375629266724e+06,3.033074962650027592e+06,3.223123100033367518e+06
1.867516756534367334e+06,2.352923672589994967e+06,2.693425239654952660e+06,2.964498063892628532e+06,3.193408733691421337e+06,3.393503155759888701e+06
1.966237034715904621e+06,2.477303429122397210e+06,2.835804518442949280e+06,3.121206737328628078e+06,3.362218034831141122e+06,3.572889806173729245e+06
2.070175843488937011e+06,2.608258122196594719e+06,2.985710220734259579e+06,3.286199311715385411e+06,3.539950897759416606e+06,3.761759155989815481e+06
2.179609043720593210e+06,2.746135314725901466e+06,3.143540206745825708e+06,3.459913688883516472e+06,3.727079037923588417e+06,3.960612477670476306e+06
2.294827078777141403e+06,2.891300942421203014e+06,3.309713368297836743e+06,3.642810918938077986e+06,3.924099106493692845e+06,4.169977541837464552e+06
2.416135745380831882e+06,3.044140285009996034e+06,3.484670740581731312e+06,3.835376423917835578e+06,4.131534008509654086e+06,4.390410018012256362e+06
2.543857005216231104e+06,3.205058988795754965e+06,3.668876672698580660e+06,4.038121286139348056e+06,4.349934290707504377e+06,4.622494949401780032e+06
2.678329839438645635e+06,3.374484143271602690e+06,3.862820060073868372e+06,4.251583604645204730e+06,4.579879602709342726e+06,4.866848305643892847e+06
2.819911148353833240e+06,3.552865414645571727e+06,4.067015642020491417e+06,4.476329923356330022e+06,4.821980235453511588e+06,5.124118617633960210e+06
2.968976698656664696e+06,3.740676239286412019e+06,4.282005367892531678e+06,4.712956734719454311e+06,5.076878740949676372e+06,5.394988698771317489e+06
3.125922120742029510e+06,3.938415080256437417e+06,4.508359835456971079e+06,4.962092062839511782e+06,5.345251637656782754e+06,5.680177457193577662e+06
3.291163958735545631e+06,4.146606750267861411e+06,4.746679805299992673e+06,5.224397130299712531e+06,5.627811206010497175e+06,5.980441803809139878e+06
