1.000000000000000000e+02
1.082636733874054045e+02
1.172102297533480595e+02
1.268961003167922144e+02
1.373823795883262449e+02
1.487352107293511665e+02
1.610262027560939373e+02
1.743328822199987371e+02
1.887391822135097641e+02
2.043359717856941700e+02
2.212216291070450325e+02
2.395026619987486072e+02
2.592943797404666952e+02
2.807216203941175650e+02
3.039195382313197911e+02
3.290344562312667449e+02
3.562247890262444230e+02
3.856620421163472088e+02
4.175318936560400402e+02
4.520353656360240393e+02
4.893900918477493747e+02
5.298316906283707795e+02
5.736152510448681596e+02
6.210169418915616006e+02
6.723357536499335083e+02
7.278953843983146044e+02
7.880462815669911834e+02
8.531678524172805282e+02
9.236708571873865594e+02
1.000000000000000000e+03
