5.000000000000000000e+01
5.004999999999999716e+01
5.009999999999999432e+01
5.014999999999999147e+01
5.019999999999998863e+01
5.024999999999998579e+01
5.029999999999998295e+01
5.034999999999998010e+01
5.039999999999997726e+01
5.044999999999997442e+01
5.049999999999997158e+01
5.054999999999996874e+01
5.059999999999996589e+01
5.064999999999996305e+01
5.069999999999996021e+01
5.074999999999995737e+01
5.079999999999995453e+01
5.084999999999995168e+01
5.089999999999994884e+01
5.094999999999994600e+01
5.099999999999994316e+01
5.104999999999994031e+01
5.109999999999993747e+01
5.114999999999993463e+01
5.119999999999993179e+01
5.124999999999992895e+01
5.129999999999992610e+01
5.134999999999992326e+01
5.139999999999992042e+01
5.144999999999991758e+01
5.149999999999991473e+01
5.154999999999991189e+01
5.159999999999990905e+01
5.164999999999990621e+01
5.169999999999990337e+01
5.174999999999990052e+01
5.179999999999989768e+01
5.184999999999989484e+01
5.189999999999989200e+01
5.194999999999988916e+01
5.199999999999988631e+01
5.204999999999988347e+01
5.209999999999988063e+01
5.214999999999987779e+01
5.219999999999987494e+01
5.224999999999987210e+01
5.229999999999986926e+01
5.234999999999986642e+01
5.239999999999986358e+01
5.244999999999986073e+01
5.249999999999985789e+01
5.254999999999985505e+01
5.259999999999985221e+01
5.264999999999984936e+01
5.269999999999984652e+01
5.274999999999984368e+01
5.279999999999984084e+01
5.284999999999983800e+01
5.289999999999983515e+01
5.294999999999983231e+01
5.299999999999982947e+01
5.304999999999982663e+01
5.309999999999982379e+01
5.314999999999982094e+01
5.319999999999981810e+01
5.324999999999981526e+01
5.329999999999981242e+01
5.334999999999980957e+01
5.339999999999980673e+01
5.344999999999980389e+01
5.349999999999980105e+01
5.354999999999979821e+01
5.359999999999979536e+01
5.364999999999979252e+01
5.369999999999978968e+01
5.374999999999978684e+01
5.379999999999978400e+01
5.384999999999978115e+01
5.389999999999977831e+01
5.394999999999977547e+01
5.399999999999977263e+01
5.404999999999976978e+01
5.409999999999976694e+01
5.414999999999976410e+01
5.419999999999976126e+01
5.424999999999975842e+01
5.429999999999975557e+01
5.434999999999975273e+01
5.439999999999974989e+01
5.444999999999974705e+01
5.449999999999974420e+01
5.454999999999974136e+01
5.459999999999973852e+01
5.464999999999973568e+01
5.469999999999973284e+01
5.474999999999972999e+01
5.479999999999972715e+01
5.484999999999972431e+01
5.489999999999972147e+01
5.494999999999971863e+01
5.499999999999971578e+01
5.504999999999971294e+01
5.509999999999971010e+01
5.514999999999970726e+01
5.519999999999970441e+01
5.524999999999970157e+01
5.529999999999969873e+01
5.534999999999969589e+01
5.539999999999969305e+01
5.544999999999969020e+01
5.549999999999968736e+01
5.554999999999968452e+01
5.559999999999968168e+01
5.564999999999967883e+01
5.569999999999967599e+01
5.574999999999967315e+01
5.579999999999967031e+01
5.584999999999966747e+01
5.589999999999966462e+01
5.594999999999966178e+01
5.599999999999965894e+01
5.604999999999965610e+01
5.609999999999965326e+01
5.614999999999965041e+01
5.619999999999964757e+01
5.624999999999964473e+01
5.629999999999964189e+01
5.634999999999963904e+01
5.639999999999963620e+01
5.644999999999963336e+01
5.649999999999963052e+01
5.654999999999962768e+01
5.659999999999962483e+01
5.664999999999962199e+01
5.669999999999961915e+01
5.674999999999961631e+01
5.679999999999961346e+01
5.684999999999961062e+01
5.689999999999960778e+01
5.694999999999960494e+01
5.699999999999960210e+01
5.704999999999959925e+01
5.709999999999959641e+01
5.714999999999959357e+01
5.719999999999959073e+01
5.724999999999958789e+01
5.729999999999958504e+01
5.734999999999958220e+01
5.739999999999957936e+01
5.744999999999957652e+01
5.749999999999957367e+01
5.754999999999957083e+01
5.759999999999956799e+01
5.764999999999956515e+01
5.769999999999956231e+01
5.774999999999955946e+01
5.779999999999955662e+01
5.784999999999955378e+01
5.789999999999955094e+01
5.794999999999954809e+01
5.799999999999954525e+01
5.804999999999954241e+01
5.809999999999953957e+01
5.814999999999953673e+01
5.819999999999953388e+01
5.824999999999953104e+01
5.829999999999952820e+01
5.834999999999952536e+01
5.839999999999952252e+01
5.844999999999951967e+01
5.849999999999951683e+01
5.854999999999951399e+01
5.859999999999951115e+01
5.864999999999950830e+01
5.869999999999950546e+01
5.874999999999950262e+01
5.879999999999949978e+01
5.884999999999949694e+01
5.889999999999949409e+01
5.894999999999949125e+01
5.899999999999948841e+01
5.904999999999948557e+01
5.909999999999948272e+01
5.914999999999947988e+01
5.919999999999947704e+01
5.924999999999947420e+01
5.929999999999947136e+01
5.934999999999946851e+01
5.939999999999946567e+01
5.944999999999946283e+01
5.949999999999945999e+01
5.954999999999945715e+01
5.959999999999945430e+01
5.964999999999945146e+01
5.969999999999944862e+01
5.974999999999944578e+01
5.979999999999944293e+01
5.984999999999944009e+01
5.989999999999943725e+01
5.994999999999943441e+01
5.999999999999943157e+01
6.004999999999942872e+01
6.009999999999942588e+01
6.014999999999942304e+01
6.019999999999942020e+01
6.024999999999941735e+01
6.029999999999941451e+01
6.034999999999941167e+01
6.039999999999940883e+01
6.044999999999940599e+01
6.049999999999940314e+01
6.054999999999940030e+01
6.059999999999939746e+01
6.064999999999939462e+01
6.069999999999939178e+01
6.074999999999938893e+01
6.079999999999938609e+01
6.084999999999938325e+01
6.089999999999938041e+01
6.094999999999937756e+01
6.099999999999937472e+01
6.104999999999937188e+01
6.109999999999936904e+01
6.114999999999936620e+01
6.119999999999936335e+01
6.124999999999936051e+01
6.129999999999935767e+01
6.134999999999935483e+01
6.139999999999935199e+01
6.144999999999934914e+01
6.149999999999934630e+01
6.154999999999934346e+01
6.159999999999934062e+01
6.164999999999933777e+01
6.169999999999933493e+01
6.174999999999933209e+01
6.179999999999932925e+01
6.184999999999932641e+01
6.189999999999932356e+01
6.194999999999932072e+01
6.199999999999931788e+01
6.204999999999931504e+01
6.209999999999931219e+01
6.214999999999930935e+01
6.219999999999930651e+01
6.224999999999930367e+01
6.229999999999930083e+01
6.234999999999929798e+01
6.239999999999929514e+01
6.244999999999929230e+01
6.249999999999928946e+01
6.254999999999928662e+01
6.259999999999928377e+01
6.264999999999928093e+01
6.269999999999927809e+01
6.274999999999927525e+01
6.279999999999927240e+01
6.284999999999926956e+01
6.289999999999926672e+01
6.294999999999926388e+01
6.299999999999926104e+01
6.304999999999925819e+01
6.309999999999925535e+01
6.314999999999925251e+01
6.319999999999924967e+01
6.324999999999924682e+01
6.329999999999924398e+01
6.334999999999924114e+01
6.339999999999923830e+01
6.344999999999923546e+01
6.349999999999923261e+01
6.354999999999922977e+01
6.359999999999922693e+01
6.364999999999922409e+01
6.369999999999922125e+01
6.374999999999921840e+01
6.379999999999921556e+01
6.384999999999921272e+01
6.389999999999920988e+01
6.394999999999920703e+01
6.399999999999920419e+01
6.404999999999920135e+01
6.409999999999919851e+01
6.414999999999919567e+01
6.419999999999919282e+01
6.424999999999918998e+01
6.429999999999918714e+01
6.434999999999918430e+01
6.439999999999918145e+01
6.444999999999917861e+01
6.449999999999917577e+01
6.454999999999917293e+01
6.459999999999917009e+01
6.464999999999916724e+01
6.469999999999916440e+01
6.474999999999916156e+01
6.479999999999915872e+01
6.484999999999915588e+01
6.489999999999915303e+01
6.494999999999915019e+01
6.499999999999914735e+01
6.504999999999914451e+01
6.509999999999914166e+01
6.514999999999913882e+01
6.519999999999913598e+01
6.524999999999913314e+01
6.529999999999913030e+01
6.534999999999912745e+01
6.539999999999912461e+01
6.544999999999912177e+01
6.549999999999911893e+01
6.554999999999911608e+01
6.559999999999911324e+01
6.564999999999911040e+01
6.569999999999910756e+01
6.574999999999910472e+01
6.579999999999910187e+01
6.584999999999909903e+01
6.589999999999909619e+01
6.594999999999909335e+01
6.599999999999909051e+01
6.604999999999908766e+01
6.609999999999908482e+01
6.614999999999908198e+01
6.619999999999907914e+01
6.624999999999907629e+01
6.629999999999907345e+01
6.634999999999907061e+01
6.639999999999906777e+01
6.644999999999906493e+01
6.649999999999906208e+01
6.654999999999905924e+01
6.659999999999905640e+01
6.664999999999905356e+01
6.669999999999905071e+01
6.674999999999904787e+01
6.679999999999904503e+01
6.684999999999904219e+01
6.689999999999903935e+01
6.694999999999903650e+01
6.699999999999903366e+01
6.704999999999903082e+01
6.709999999999902798e+01
6.714999999999902514e+01
6.719999999999902229e+01
6.724999999999901945e+01
6.729999999999901661e+01
6.734999999999901377e+01
6.739999999999901092e+01
6.744999999999900808e+01
6.749999999999900524e+01
6.754999999999900240e+01
6.759999999999899956e+01
6.764999999999899671e+01
6.769999999999899387e+01
6.774999999999899103e+01
6.779999999999898819e+01
6.784999999999898534e+01
6.789999999999898250e+01
6.794999999999897966e+01
6.799999999999897682e+01
6.804999999999897398e+01
6.809999999999897113e+01
6.814999999999896829e+01
6.819999999999896545e+01
6.824999999999896261e+01
6.829999999999895977e+01
6.834999999999895692e+01
6.839999999999895408e+01
6.844999999999895124e+01
6.849999999999894840e+01
6.854999999999894555e+01
6.859999999999894271e+01
6.864999999999893987e+01
6.869999999999893703e+01
6.874999999999893419e+01
6.879999999999893134e+01
6.884999999999892850e+01
6.889999999999892566e+01
6.894999999999892282e+01
6.899999999999891998e+01
6.904999999999891713e+01
6.909999999999891429e+01
6.914999999999891145e+01
6.919999999999890861e+01
6.924999999999890576e+01
6.929999999999890292e+01
6.934999999999890008e+01
6.939999999999889724e+01
6.944999999999889440e+01
6.949999999999889155e+01
6.954999999999888871e+01
6.959999999999888587e+01
6.964999999999888303e+01
6.969999999999888018e+01
6.974999999999887734e+01
6.979999999999887450e+01
6.984999999999887166e+01
6.989999999999886882e+01
6.994999999999886597e+01
6.999999999999886313e+01
7.004999999999886029e+01
7.009999999999885745e+01
7.014999999999885461e+01
7.019999999999885176e+01
7.024999999999884892e+01
7.029999999999884608e+01
7.034999999999884324e+01
7.039999999999884039e+01
7.044999999999883755e+01
7.049999999999883471e+01
7.054999999999883187e+01
7.059999999999882903e+01
7.064999999999882618e+01
7.069999999999882334e+01
7.074999999999882050e+01
7.079999999999881766e+01
7.084999999999881481e+01
7.089999999999881197e+01
7.094999999999880913e+01
7.099999999999880629e+01
7.104999999999880345e+01
7.109999999999880060e+01
7.114999999999879776e+01
7.119999999999879492e+01
7.124999999999879208e+01
7.129999999999878924e+01
7.134999999999878639e+01
7.139999999999878355e+01
7.144999999999878071e+01
7.149999999999877787e+01
7.154999999999877502e+01
7.159999999999877218e+01
7.164999999999876934e+01
7.169999999999876650e+01
7.174999999999876366e+01
7.179999999999876081e+01
7.184999999999875797e+01
7.189999999999875513e+01
7.194999999999875229e+01
7.199999999999874944e+01
7.204999999999874660e+01
7.209999999999874376e+01
7.214999999999874092e+01
7.219999999999873808e+01
7.224999999999873523e+01
7.229999999999873239e+01
7.234999999999872955e+01
7.239999999999872671e+01
7.244999999999872387e+01
7.249999999999872102e+01
7.254999999999871818e+01
7.259999999999871534e+01
7.264999999999871250e+01
7.269999999999870965e+01
7.274999999999870681e+01
7.279999999999870397e+01
7.284999999999870113e+01
7.289999999999869829e+01
7.294999999999869544e+01
7.299999999999869260e+01
7.304999999999868976e+01
7.309999999999868692e+01
7.314999999999868407e+01
7.319999999999868123e+01
7.324999999999867839e+01
7.329999999999867555e+01
7.334999999999867271e+01
7.339999999999866986e+01
7.344999999999866702e+01
7.349999999999866418e+01
7.354999999999866134e+01
7.359999999999865850e+01
7.364999999999865565e+01
7.369999999999865281e+01
7.374999999999864997e+01
7.379999999999864713e+01
7.384999999999864428e+01
7.389999999999864144e+01
7.394999999999863860e+01
7.399999999999863576e+01
7.404999999999863292e+01
7.409999999999863007e+01
7.414999999999862723e+01
7.419999999999862439e+01
7.424999999999862155e+01
7.429999999999861870e+01
7.434999999999861586e+01
7.439999999999861302e+01
7.444999999999861018e+01
7.449999999999860734e+01
7.454999999999860449e+01
7.459999999999860165e+01
7.464999999999859881e+01
7.469999999999859597e+01
7.474999999999859313e+01
7.479999999999859028e+01
7.484999999999858744e+01
7.489999999999858460e+01
7.494999999999858176e+01
7.499999999999857891e+01
7.504999999999857607e+01
7.509999999999857323e+01
7.514999999999857039e+01
7.519999999999856755e+01
7.524999999999856470e+01
7.529999999999856186e+01
7.534999999999855902e+01
7.539999999999855618e+01
7.544999999999855333e+01
7.549999999999855049e+01
7.554999999999854765e+01
7.559999999999854481e+01
7.564999999999854197e+01
7.569999999999853912e+01
7.574999999999853628e+01
7.579999999999853344e+01
7.584999999999853060e+01
7.589999999999852776e+01
7.594999999999852491e+01
7.599999999999852207e+01
7.604999999999851923e+01
7.609999999999851639e+01
7.614999999999851354e+01
7.619999999999851070e+01
7.624999999999850786e+01
7.629999999999850502e+01
7.634999999999850218e+01
7.639999999999849933e+01
7.644999999999849649e+01
7.649999999999849365e+01
7.654999999999849081e+01
7.659999999999848797e+01
7.664999999999848512e+01
7.669999999999848228e+01
7.674999999999847944e+01
7.679999999999847660e+01
7.684999999999847375e+01
7.689999999999847091e+01
7.694999999999846807e+01
7.699999999999846523e+01
7.704999999999846239e+01
7.709999999999845954e+01
7.714999999999845670e+01
7.719999999999845386e+01
7.724999999999845102e+01
7.729999999999844817e+01
7.734999999999844533e+01
7.739999999999844249e+01
7.744999999999843965e+01
7.749999999999843681e+01
7.754999999999843396e+01
7.759999999999843112e+01
7.764999999999842828e+01
7.769999999999842544e+01
7.774999999999842260e+01
7.779999999999841975e+01
7.784999999999841691e+01
7.789999999999841407e+01
7.794999999999841123e+01
7.799999999999840838e+01
7.804999999999840554e+01
7.809999999999840270e+01
7.814999999999839986e+01
7.819999999999839702e+01
7.824999999999839417e+01
7.829999999999839133e+01
7.834999999999838849e+01
7.839999999999838565e+01
7.844999999999838280e+01
7.849999999999837996e+01
7.854999999999837712e+01
7.859999999999837428e+01
7.864999999999837144e+01
7.869999999999836859e+01
7.874999999999836575e+01
7.879999999999836291e+01
7.884999999999836007e+01
7.889999999999835723e+01
7.894999999999835438e+01
7.899999999999835154e+01
7.904999999999834870e+01
7.909999999999834586e+01
7.914999999999834301e+01
7.919999999999834017e+01
7.924999999999833733e+01
7.929999999999833449e+01
7.934999999999833165e+01
7.939999999999832880e+01
7.944999999999832596e+01
7.949999999999832312e+01
7.954999999999832028e+01
7.959999999999831743e+01
7.964999999999831459e+01
7.969999999999831175e+01
7.974999999999830891e+01
7.979999999999830607e+01
7.984999999999830322e+01
7.989999999999830038e+01
7.994999999999829754e+01
7.999999999999829470e+01
8.004999999999829186e+01
8.009999999999828901e+01
8.014999999999828617e+01
8.019999999999828333e+01
8.024999999999828049e+01
8.029999999999827764e+01
8.034999999999827480e+01
8.039999999999827196e+01
8.044999999999826912e+01
8.049999999999826628e+01
8.054999999999826343e+01
8.059999999999826059e+01
8.064999999999825775e+01
8.069999999999825491e+01
8.074999999999825206e+01
8.079999999999824922e+01
8.084999999999824638e+01
8.089999999999824354e+01
8.094999999999824070e+01
8.099999999999823785e+01
8.104999999999823501e+01
8.109999999999823217e+01
8.114999999999822933e+01
8.119999999999822649e+01
8.124999999999822364e+01
8.129999999999822080e+01
8.134999999999821796e+01
8.139999999999821512e+01
8.144999999999821227e+01
8.149999999999820943e+01
8.154999999999820659e+01
8.159999999999820375e+01
8.164999999999820091e+01
8.169999999999819806e+01
8.174999999999819522e+01
8.179999999999819238e+01
8.184999999999818954e+01
8.189999999999818669e+01
8.194999999999818385e+01
8.199999999999818101e+01
8.204999999999817817e+01
8.209999999999817533e+01
8.214999999999817248e+01
8.219999999999816964e+01
8.224999999999816680e+01
8.229999999999816396e+01
8.234999999999816112e+01
8.239999999999815827e+01
8.244999999999815543e+01
8.249999999999815259e+01
8.254999999999814975e+01
8.259999999999814690e+01
8.264999999999814406e+01
8.269999999999814122e+01
8.274999999999813838e+01
8.279999999999813554e+01
8.284999999999813269e+01
8.289999999999812985e+01
8.294999999999812701e+01
8.299999999999812417e+01
8.304999999999812133e+01
8.309999999999811848e+01
8.314999999999811564e+01
8.319999999999811280e+01
8.324999999999810996e+01
8.329999999999810711e+01
8.334999999999810427e+01
8.339999999999810143e+01
8.344999999999809859e+01
8.349999999999809575e+01
8.354999999999809290e+01
8.359999999999809006e+01
8.364999999999808722e+01
8.369999999999808438e+01
8.374999999999808153e+01
8.379999999999807869e+01
8.384999999999807585e+01
8.389999999999807301e+01
8.394999999999807017e+01
8.399999999999806732e+01
8.404999999999806448e+01
8.409999999999806164e+01
8.414999999999805880e+01
8.419999999999805596e+01
8.424999999999805311e+01
8.429999999999805027e+01
8.434999999999804743e+01
8.439999999999804459e+01
8.444999999999804174e+01
8.449999999999803890e+01
8.454999999999803606e+01
8.459999999999803322e+01
8.464999999999803038e+01
8.469999999999802753e+01
8.474999999999802469e+01
8.479999999999802185e+01
8.484999999999801901e+01
8.489999999999801616e+01
8.494999999999801332e+01
8.499999999999801048e+01
8.504999999999800764e+01
8.509999999999800480e+01
8.514999999999800195e+01
8.519999999999799911e+01
8.524999999999799627e+01
8.529999999999799343e+01
8.534999999999799059e+01
8.539999999999798774e+01
8.544999999999798490e+01
8.549999999999798206e+01
8.554999999999797922e+01
8.559999999999797637e+01
8.564999999999797353e+01
8.569999999999797069e+01
8.574999999999796785e+01
8.579999999999796501e+01
8.584999999999796216e+01
8.589999999999795932e+01
8.594999999999795648e+01
8.599999999999795364e+01
8.604999999999795079e+01
8.609999999999794795e+01
8.614999999999794511e+01
8.619999999999794227e+01
8.624999999999793943e+01
8.629999999999793658e+01
8.634999999999793374e+01
8.639999999999793090e+01
8.644999999999792806e+01
8.649999999999792522e+01
8.654999999999792237e+01
8.659999999999791953e+01
8.664999999999791669e+01
8.669999999999791385e+01
8.674999999999791100e+01
8.679999999999790816e+01
8.684999999999790532e+01
8.689999999999790248e+01
8.694999999999789964e+01
8.699999999999789679e+01
8.704999999999789395e+01
8.709999999999789111e+01
8.714999999999788827e+01
8.719999999999788542e+01
8.724999999999788258e+01
8.729999999999787974e+01
8.734999999999787690e+01
8.739999999999787406e+01
8.744999999999787121e+01
8.749999999999786837e+01
8.754999999999786553e+01
8.759999999999786269e+01
8.764999999999785985e+01
8.769999999999785700e+01
8.774999999999785416e+01
8.779999999999785132e+01
8.784999999999784848e+01
8.789999999999784563e+01
8.794999999999784279e+01
8.799999999999783995e+01
8.804999999999783711e+01
8.809999999999783427e+01
8.814999999999783142e+01
8.819999999999782858e+01
8.824999999999782574e+01
8.829999999999782290e+01
8.834999999999782005e+01
8.839999999999781721e+01
8.844999999999781437e+01
8.849999999999781153e+01
8.854999999999780869e+01
8.859999999999780584e+01
8.864999999999780300e+01
8.869999999999780016e+01
8.874999999999779732e+01
8.879999999999779448e+01
8.884999999999779163e+01
8.889999999999778879e+01
8.894999999999778595e+01
8.899999999999778311e+01
8.904999999999778026e+01
8.909999999999777742e+01
8.914999999999777458e+01
8.919999999999777174e+01
8.924999999999776890e+01
8.929999999999776605e+01
8.934999999999776321e+01
8.939999999999776037e+01
8.944999999999775753e+01
8.949999999999775468e+01
8.954999999999775184e+01
8.959999999999774900e+01
8.964999999999774616e+01
8.969999999999774332e+01
8.974999999999774047e+01
8.979999999999773763e+01
8.984999999999773479e+01
8.989999999999773195e+01
8.994999999999772911e+01
8.999999999999772626e+01
9.004999999999772342e+01
9.009999999999772058e+01
9.014999999999771774e+01
9.019999999999771489e+01
9.024999999999771205e+01
9.029999999999770921e+01
9.034999999999770637e+01
9.039999999999770353e+01
9.044999999999770068e+01
9.049999999999769784e+01
9.054999999999769500e+01
9.059999999999769216e+01
9.064999999999768932e+01
9.069999999999768647e+01
9.074999999999768363e+01
9.079999999999768079e+01
9.084999999999767795e+01
9.089999999999767510e+01
9.094999999999767226e+01
9.099999999999766942e+01
9.104999999999766658e+01
9.109999999999766374e+01
9.114999999999766089e+01
9.119999999999765805e+01
9.124999999999765521e+01
9.129999999999765237e+01
9.134999999999764952e+01
9.139999999999764668e+01
9.144999999999764384e+01
9.149999999999764100e+01
9.154999999999763816e+01
9.159999999999763531e+01
9.164999999999763247e+01
9.169999999999762963e+01
9.174999999999762679e+01
9.179999999999762395e+01
9.184999999999762110e+01
9.189999999999761826e+01
9.194999999999761542e+01
9.199999999999761258e+01
9.204999999999760973e+01
9.209999999999760689e+01
9.214999999999760405e+01
9.219999999999760121e+01
9.224999999999759837e+01
9.229999999999759552e+01
9.234999999999759268e+01
9.239999999999758984e+01
9.244999999999758700e+01
9.249999999999758415e+01
9.254999999999758131e+01
9.259999999999757847e+01
9.264999999999757563e+01
9.269999999999757279e+01
9.274999999999756994e+01
9.279999999999756710e+01
9.284999999999756426e+01
9.289999999999756142e+01
9.294999999999755858e+01
9.299999999999755573e+01
9.304999999999755289e+01
9.309999999999755005e+01
9.314999999999754721e+01
9.319999999999754436e+01
9.324999999999754152e+01
9.329999999999753868e+01
9.334999999999753584e+01
9.339999999999753300e+01
9.344999999999753015e+01
9.349999999999752731e+01
9.354999999999752447e+01
9.359999999999752163e+01
9.364999999999751878e+01
9.369999999999751594e+01
9.374999999999751310e+01
9.379999999999751026e+01
9.384999999999750742e+01
9.389999999999750457e+01
9.394999999999750173e+01
9.399999999999749889e+01
9.404999999999749605e+01
9.409999999999749321e+01
9.414999999999749036e+01
9.419999999999748752e+01
9.424999999999748468e+01
9.429999999999748184e+01
9.434999999999747899e+01
9.439999999999747615e+01
9.444999999999747331e+01
9.449999999999747047e+01
9.454999999999746763e+01
9.459999999999746478e+01
9.464999999999746194e+01
9.469999999999745910e+01
9.474999999999745626e+01
9.479999999999745341e+01
9.484999999999745057e+01
9.489999999999744773e+01
9.494999999999744489e+01
9.499999999999744205e+01
9.504999999999743920e+01
9.509999999999743636e+01
9.514999999999743352e+01
9.519999999999743068e+01
9.524999999999742784e+01
9.529999999999742499e+01
9.534999999999742215e+01
9.539999999999741931e+01
9.544999999999741647e+01
9.549999999999741362e+01
9.554999999999741078e+01
9.559999999999740794e+01
9.564999999999740510e+01
9.569999999999740226e+01
9.574999999999739941e+01
9.579999999999739657e+01
9.584999999999739373e+01
9.589999999999739089e+01
9.594999999999738804e+01
9.599999999999738520e+01
9.604999999999738236e+01
9.609999999999737952e+01
9.614999999999737668e+01
9.619999999999737383e+01
9.624999999999737099e+01
9.629999999999736815e+01
9.634999999999736531e+01
9.639999999999736247e+01
9.644999999999735962e+01
9.649999999999735678e+01
9.654999999999735394e+01
9.659999999999735110e+01
9.664999999999734825e+01
9.669999999999734541e+01
9.674999999999734257e+01
9.679999999999733973e+01
9.684999999999733689e+01
9.689999999999733404e+01
9.694999999999733120e+01
9.699999999999732836e+01
9.704999999999732552e+01
9.709999999999732267e+01
9.714999999999731983e+01
9.719999999999731699e+01
9.724999999999731415e+01
9.729999999999731131e+01
9.734999999999730846e+01
9.739999999999730562e+01
9.744999999999730278e+01
9.749999999999729994e+01
9.754999999999729710e+01
9.759999999999729425e+01
9.764999999999729141e+01
9.769999999999728857e+01
9.774999999999728573e+01
9.779999999999728288e+01
9.784999999999728004e+01
9.789999999999727720e+01
9.794999999999727436e+01
9.799999999999727152e+01
9.804999999999726867e+01
9.809999999999726583e+01
9.814999999999726299e+01
9.819999999999726015e+01
9.824999999999725731e+01
9.829999999999725446e+01
9.834999999999725162e+01
9.839999999999724878e+01
9.844999999999724594e+01
9.849999999999724309e+01
9.854999999999724025e+01
9.859999999999723741e+01
9.864999999999723457e+01
9.869999999999723173e+01
9.874999999999722888e+01
9.879999999999722604e+01
9.884999999999722320e+01
9.889999999999722036e+01
9.894999999999721751e+01
9.899999999999721467e+01
9.904999999999721183e+01
9.909999999999720899e+01
9.914999999999720615e+01
9.919999999999720330e+01
9.924999999999720046e+01
9.929999999999719762e+01
9.934999999999719478e+01
9.939999999999719194e+01
9.944999999999718909e+01
9.949999999999718625e+01
9.954999999999718341e+01
9.959999999999718057e+01
9.964999999999717772e+01
9.969999999999717488e+01
9.974999999999717204e+01
9.979999999999716920e+01
9.984999999999716636e+01
9.989999999999716351e+01
9.994999999999716067e+01
9.999999999999715783e+01
1.000499999999971550e+02
1.000999999999971521e+02
1.001499999999971493e+02
1.001999999999971465e+02
1.002499999999971436e+02
1.002999999999971408e+02
1.003499999999971379e+02
1.003999999999971351e+02
1.004499999999971322e+02
1.004999999999971294e+02
1.005499999999971266e+02
1.005999999999971237e+02
1.006499999999971209e+02
1.006999999999971180e+02
1.007499999999971152e+02
1.007999999999971124e+02
1.008499999999971095e+02
1.008999999999971067e+02
1.009499999999971038e+02
1.009999999999971010e+02
1.010499999999970981e+02
1.010999999999970953e+02
1.011499999999970925e+02
1.011999999999970896e+02
1.012499999999970868e+02
1.012999999999970839e+02
1.013499999999970811e+02
1.013999999999970782e+02
1.014499999999970754e+02
1.014999999999970726e+02
1.015499999999970697e+02
1.015999999999970669e+02
1.016499999999970640e+02
1.016999999999970612e+02
1.017499999999970584e+02
1.017999999999970555e+02
1.018499999999970527e+02
1.018999999999970498e+02
1.019499999999970470e+02
1.019999999999970441e+02
1.020499999999970413e+02
1.020999999999970385e+02
1.021499999999970356e+02
1.021999999999970328e+02
1.022499999999970299e+02
1.022999999999970271e+02
1.023499999999970242e+02
1.023999999999970214e+02
1.024499999999970186e+02
1.024999999999970157e+02
1.025499999999970129e+02
1.025999999999970100e+02
1.026499999999970072e+02
1.026999999999970044e+02
1.027499999999970015e+02
1.027999999999969987e+02
1.028499999999969958e+02
1.028999999999969930e+02
1.029499999999969901e+02
1.029999999999969873e+02
1.030499999999969845e+02
1.030999999999969816e+02
1.031499999999969788e+02
1.031999999999969759e+02
1.032499999999969731e+02
1.032999999999969702e+02
1.033499999999969674e+02
1.033999999999969646e+02
1.034499999999969617e+02
1.034999999999969589e+02
1.035499999999969560e+02
1.035999999999969532e+02
1.036499999999969504e+02
1.036999999999969475e+02
1.037499999999969447e+02
1.037999999999969418e+02
1.038499999999969390e+02
1.038999999999969361e+02
1.039499999999969333e+02
1.039999999999969305e+02
1.040499999999969276e+02
1.040999999999969248e+02
1.041499999999969219e+02
1.041999999999969191e+02
1.042499999999969162e+02
1.042999999999969134e+02
1.043499999999969106e+02
1.043999999999969077e+02
1.044499999999969049e+02
1.044999999999969020e+02
1.045499999999968992e+02
1.045999999999968963e+02
1.046499999999968935e+02
1.046999999999968907e+02
1.047499999999968878e+02
1.047999999999968850e+02
1.048499999999968821e+02
1.048999999999968793e+02
1.049499999999968765e+02
1.049999999999968736e+02
1.050499999999968708e+02
1.050999999999968679e+02
1.051499999999968651e+02
1.051999999999968622e+02
1.052499999999968594e+02
1.052999999999968566e+02
1.053499999999968537e+02
1.053999999999968509e+02
1.054499999999968480e+02
1.054999999999968452e+02
1.055499999999968423e+02
1.055999999999968395e+02
1.056499999999968367e+02
1.056999999999968338e+02
1.057499999999968310e+02
1.057999999999968281e+02
1.058499999999968253e+02
1.058999999999968225e+02
1.059499999999968196e+02
1.059999999999968168e+02
1.060499999999968139e+02
1.060999999999968111e+02
1.061499999999968082e+02
1.061999999999968054e+02
1.062499999999968026e+02
1.062999999999967997e+02
1.063499999999967969e+02
1.063999999999967940e+02
1.064499999999967912e+02
1.064999999999967883e+02
1.065499999999967855e+02
1.065999999999967827e+02
1.066499999999967798e+02
1.066999999999967770e+02
1.067499999999967741e+02
1.067999999999967713e+02
1.068499999999967685e+02
1.068999999999967656e+02
1.069499999999967628e+02
1.069999999999967599e+02
1.070499999999967571e+02
1.070999999999967542e+02
1.071499999999967514e+02
1.071999999999967486e+02
1.072499999999967457e+02
1.072999999999967429e+02
1.073499999999967400e+02
1.073999999999967372e+02
1.074499999999967343e+02
1.074999999999967315e+02
1.075499999999967287e+02
1.075999999999967258e+02
1.076499999999967230e+02
1.076999999999967201e+02
1.077499999999967173e+02
1.077999999999967145e+02
1.078499999999967116e+02
1.078999999999967088e+02
1.079499999999967059e+02
1.079999999999967031e+02
1.080499999999967002e+02
1.080999999999966974e+02
1.081499999999966946e+02
1.081999999999966917e+02
1.082499999999966889e+02
1.082999999999966860e+02
1.083499999999966832e+02
1.083999999999966803e+02
1.084499999999966775e+02
1.084999999999966747e+02
1.085499999999966718e+02
1.085999999999966690e+02
1.086499999999966661e+02
1.086999999999966633e+02
1.087499999999966604e+02
1.087999999999966576e+02
1.088499999999966548e+02
1.088999999999966519e+02
1.089499999999966491e+02
1.089999999999966462e+02
1.090499999999966434e+02
1.090999999999966406e+02
1.091499999999966377e+02
1.091999999999966349e+02
1.092499999999966320e+02
1.092999999999966292e+02
1.093499999999966263e+02
1.093999999999966235e+02
1.094499999999966207e+02
1.094999999999966178e+02
1.095499999999966150e+02
1.095999999999966121e+02
1.096499999999966093e+02
1.096999999999966064e+02
1.097499999999966036e+02
1.097999999999966008e+02
1.098499999999965979e+02
1.098999999999965951e+02
1.099499999999965922e+02
