1.621140289125872869e+03,0.000000000000000000e+00,0.000000000000000000e+00,0.000000000000000000e+00,0.000000000000000000e+00,0.000000000000000000e+00
1.586274602373583775e+03,0.000000000000000000e+00,0.000000000000000000e+00,0.000000000000000000e+00,0.000000000000000000e+00,0.000000000000000000e+00
1.552371435445988482e+03,1.811267754322784640e+02,0.000000000000000000e+00,0.000000000000000000e+00,0.000000000000000000e+00,0.000000000000000000e+00
1.519408250014794248e+03,1.219866875575598897e+03,0.000000000000000000e+00,0.000000000000000000e+00,0.000000000000000000e+00,0.000000000000000000e+00
1.487363620694995461e+03,1.979482644447693929e+03,0.000000000000000000e+00,0.000000000000000000e+00,0.000000000000000000e+00,0.000000000000000000e+00
1.456216918286188047e+03,2.515083913869500520e+03,0.000000000000000000e+00,0.000000000000000000e+00,0.000000000000000000e+00,0.000000000000000000e+00
1.425948538638019272e+03,2.458819442709426767e+03,0.000000000000000000e+00,0.000000000000000000e+00,0.000000000000000000e+00,0.000000000000000000e+00
1.396539495507923220e+03,2.404112722170811139e+03,0.000000000000000000e+00,0.000000000000000000e+00,0.000000000000000000e+00,0.000000000000000000e+00
1.367971615377362468e+03,2.350929668736591793e+03,1.066942651013340537e+03,0.000000000000000000e+00,0.000000000000000000e+00,0.000000000000000000e+00
1.340227270685366420e+03,2.299237033067890934e+03,1.980705209332620598e+03,0.000000000000000000e+00,0.000000000000000000e+00,0.000000000000000000e+00
1.313289441581986239e+03,2.249002397053982349e+03,2.740564894236274540e+03,0.000000000000000000e+00,0.000000000000000000e+00,0.000000000000000000e+00
1.287141501705900737e+03,2.200194034922259561e+03,3.027572533602250587e+03,2.118681990031177520e+02,0.000000000000000000e+00,0.000000000000000000e+00
1.261767275666224577e+03,2.152780915463705242e+03,2.959947347571892351e+03,1.403462972402400055e+03,0.000000000000000000e+00,0.000000000000000000e+00
1.237150942932964881e+03,2.106732631112765830e+03,2.894224098734412109e+03,2.337409733923749627e+03,0.000000000000000000e+00,0.000000000000000000e+00
1.213276944818287120e+03,2.062019336785886026e+03,2.830359942747332752e+03,3.138209214018974308e+03,3.700757435370235271e+02,0.000000000000000000e+00
1.190130035076396098e+03,2.018611754049538831e+03,2.768312925819287557e+03,3.471960005278282551e+03,1.565869685388292964e+03,0.000000000000000000e+00
1.167695131184308366e+03,1.976481093695471827e+03,2.708041932998134143e+03,3.394537666058295144e+03,2.535735776238311701e+03,0.000000000000000000e+00
1.145957350622436024e+03,1.935599059711662903e+03,2.649506678394954179e+03,3.319301748458599377e+03,3.378760094885905346e+03,1.191998821351717197e+03
1.124901974107169281e+03,1.895937823706859035e+03,2.592667680969213961e+03,3.246202072668700112e+03,3.869635654536483344e+03,2.267894327611543304e+03
1.104514395783273585e+03,1.857469998172280157e+03,2.537486240813322638e+03,3.175189549100832664e+03,3.783442861004084534e+03,3.192949743176711763e+03
1.084780123344971571e+03,1.820168629878821775e+03,2.483924424804183673e+03,3.106216155790559696e+03,3.699685699815217049e+03,4.021106715918830560e+03
1.065684770957020191e+03,1.784007190710408850e+03,2.431945050691643701e+03,3.039234914577951713e+03,3.618307973543659500e+03,4.175942760432928480e+03
1.047214025628282798e+03,1.748959561331901114e+03,2.381511668145682961e+03,2.974199865536650123e+03,3.539254759828514580e+03,4.083335168184805752e+03
1.029353666754212782e+03,1.715000031951348092e+03,2.332588546378721730e+03,2.911066044103029071e+03,3.462472380051576692e+03,3.993351852659202450e+03
1.012089557017076004e+03,1.682103293772124289e+03,2.285140657371528050e+03,2.849789455683955566e+03,3.387908366441720773e+03,3.905932243372637913e+03
9.954076256772680154e+02,1.650244429275474431e+03,2.239133658408246447e+03,2.790327049663826983e+03,3.315511428707051891e+03,3.821017162586562790e+03
9.792938919996472578e+02,1.619398912789955602e+03,2.194533877782683248e+03,2.732636694418124534e+03,3.245231420979027462e+03,3.738548785879134812e+03
9.637344610539528276e+02,1.589542603117473618e+03,2.151308297061129451e+03,2.676677150543633616e+03,3.177019307787969410e+03,3.658470602219208104e+03
9.487155348803838706e+02,1.560651739511719370e+03,2.109424534087349912e+03,2.622408044205178612e+03,3.110827130058637977e+03,3.580727374113002043e+03
9.342234132747407784e+02,1.532702934881137935e+03,2.068850824743398789e+03,2.569789839876298629e+03,3.046607970864292383e+03,3.505265097739004432e+03
9.202445070473786473e+02,1.505673171178691064e+03,2.029556005150868714e+03,2.518783813229495536e+03,2.984315921345589231e+03,3.432030963321863965e+03
9.067653450967867457e+02,1.479539792992896764e+03,1.991509493179063384e+03,2.469352023838660898e+03,2.923906046717888785e+03,3.360973315753921270e+03
8.937725843782473021e+02,1.454280501341931085e+03,1.954681270018275427e+03,2.421457288086051449e+03,2.865334352605299500e+03,3.292041615624418682e+03
8.812530182030811829e+02,1.429873346923268628e+03,1.919041861738682655e+03,2.375063152341403111e+03,2.808557751796411139e+03,3.225186400743536069e+03
8.691935839490852231e+02,1.406296723207311970e+03,1.884562321084682480e+03,2.330133866597361703e+03,2.753534031558700917e+03,3.160359248266030590e+03
8.575813726161711656e+02,1.383529359807566607e+03,1.851214209728517744e+03,2.286634358719104057e+03,2.700221821632277170e+03,3.097512737508372993e+03
8.464036360493778375e+02,1.361550315661375407e+03,1.818969580990797340e+03,2.244530209394085432e+03,2.648580562994152388e+03,3.036600413540588761e+03
8.356477942685487506e+02,1.340338972520439256e+03,1.787800963257373496e+03,2.203787627930569215e+03,2.598570477503105394e+03,2.977576751640759539e+03
8.253014423482156872e+02,1.319875028780532375e+03,1.757681344191419612e+03,2.164373429002591820e+03,2.550152538513611944e+03,2.920397122691037112e+03
8.153523559899582551e+02,1.300138493683850584e+03,1.728584155833384330e+03,2.126255010433087136e+03,2.503288442543478595e+03,2.865017759592763014e+03
8.057884976039545109e+02,1.281109682158999931e+03,1.700483260708607304e+03,2.089400332105004964e+03,2.457940582075562361e+03,2.811395724776633870e+03
7.965980210904078831e+02,1.262769210195031519e+03,1.673352938979380269e+03,2.053777896062645596e+03,2.414072019564153379e+03,2.759488878881404617e+03
7.877692766057833751e+02,1.245097990919187168e+03,1.647167876715985813e+03,2.019356727868742382e+03,2.371646462714458721e+03,2.709255850672165707e+03
7.792908146038357700e+02,1.228077231352453737e+03,1.621903155312969602e+03,1.986106359263924105e+03,2.330628241095814701e+03,2.660656008269805170e+03
7.711513898219820931e+02,1.211688429902183316e+03,1.597534242078876332e+03,1.953996812169513987e+03,2.290982284144120968e+03,2.613649431754384750e+03
7.633399646286995903e+02,1.195913374551491870e+03,1.574036982001176511e+03,1.922998584061606607e+03,2.252674100603152965e+03,2.568196887211581725e+03
7.558457122862854476e+02,1.180734141758949818e+03,1.551387590684554198e+03,1.893082634736448654e+03,2.215669759443805560e+03,2.524259802275687889e+03
7.486580198312638004e+02,1.166133096018722881e+03,1.529562648441560668e+03,1.864220374476225516e+03,2.179935872300315168e+03,2.481800243224323367e+03
7.417664907311312845e+02,1.152092890045152217e+03,1.508539095506435388e+03,1.836383653612037506e+03,2.145439577443757116e+03,2.440780893676060259e+03
7.351609472956517948e+02,1.138596465526273960e+03,1.488294228331666545e+03,1.809544753475448488e+03,2.112148525313054506e+03,2.401165034922745235e+03
7.288314328276691185e+02,1.125627054384425264e+03,1.468805696915413137e+03,1.783676378714389557e+03,2.080030865606190218e+03,2.362916527935122758e+03
7.227682135367231240e+02,1.113168180477092847e+03,1.450051503102014294e+03,1.758751650938546618e+03,2.049055235932261894e+03,2.325999797058804688e+03
7.169617801841702658e+02,1.101203661665316986e+03,1.432009999787084098e+03,1.734744103655241133e+03,2.019190752004048818e+03,2.290379815413459255e+03
7.114028494665496964e+02,1.089717612175973500e+03,1.414659890950048293e+03,1.711627678439497004e+03,1.990406999347881310e+03,2.256022091994539551e+03
7.060823651103632983e+02,1.078694445181458377e+03,1.397980232439042084e+03,1.689376722273958421e+03,1.962674026491170252e+03,2.222892660465588051e+03
7.009914986755553628e+02,1.068118875520534857e+03,1.381950433416209080e+03,1.667965985988398415e+03,1.935962339578121373e+03,2.190958069616686771e+03
6.961216500488035308e+02,1.057975922489503546e+03,1.366550258374913028e+03,1.647370623716196405e+03,1.910242898352616749e+03,2.160185375452081644e+03
6.914644476198226357e+02,1.048250912625521551e+03,1.351759829637460143e+03,1.627566193279319805e+03,1.885487113436384789e+03,2.130542134857270867e+03
6.870117481304959028e+02,1.038929482417888266e+03,1.337559630237881720e+03,1.608528657406475304e+03,1.861666844820281540e+03,2.101996400783393256e+03
6.827556361920677546e+02,1.029997580884140916e+03,1.323930507093814413e+03,1.590234385683601204e+03,1.838754401477230203e+03,2.074516718874633625e+03
6.786884234679376959e+02,1.021441471944424961e+03,1.310853674374262482e+03,1.572660157131797860e+03,1.816722541996844484e+03,2.048072125452891669e+03
6.748026475224839942e+02,1.013247736545130806e+03,1.298310716970298927e+03,1.555783163304528898e+03,1.795544476134642764e+03,2.022632146763268793e+03
6.710910703389295122e+02,1.005403274481877702e+03,1.286283593979337866e+03,1.539581011795487939e+03,1.775193867162775405e+03,1.998166799374349921e+03
6.675466765159392253e+02,9.978953058768275923e+02,1.274754642117464755e+03,1.524031730046628127e+03,1.755644834904455138e+03,1.974646591618814227e+03
6.641626711473385285e+02,9.907113722757202368e+02,1.263706578979229562e+03,1.509113769348842652e+03,1.736871959332070446e+03,1.952042525952899268e+03
6.609324774007553742e+02,9.838393373335101160e+02,1.253122506069973269e+03,1.494806008929225527e+03,1.718850284605899560e+03,1.930326102107709858e+03
6.578497338096007070e+02,9.772673870647544163e+02,1.242985911542191161e+03,1.481087760022953944e+03,1.701555323432007981e+03,1.909469320901286665e+03
6.549082912903202214e+02,9.709840296409787470e+02,1.233280672574409209e+03,1.467938769832714115e+03,1.684963061618346046e+03,1.889444688578564183e+03
6.521022099063578708e+02,9.649780947232657127e+02,1.223991057337611437e+03,1.455339225284441000e+03,1.669049962711448416e+03,1.870225221544852502e+03
6.494257553955918638e+02,9.592387323240636761e+02,1.215101726504261023e+03,1.443269756495011734e+03,1.653792972600400844e+03,1.851784451360490721e+03
6.468733954812101956e+02,9.537554111975978230e+02,1.206597734258702530e+03,1.431711439875034102e+03,1.639169523980326858e+03,1.834096429866397557e+03
6.444397959862030802e+02,9.485179167633084489e+02,1.198464528779473312e+03,1.420645800798028176e+03,1.625157540574416998e+03,1.817135734314686488e+03
6.421198167720291394e+02,9.435163485713040927e+02,1.190687952169313576e+03,1.410054815775824636e+03,1.611735441021153974e+03,1.800877472384102248e+03
6.399085075221009902e+02,9.387411173229530732e+02,1.183254239816907557e+03,1.399920914089002281e+03,1.598882142341971530e+03,1.785297286967033870e+03
6.378011033906233251e+02,9.341829414633607485e+02,1.176150019181368179e+03,1.390226978829359496e+03,1.586577062913668442e+03,1.770371360622826160e+03
6.357930205370074646e+02,9.298328433656514562e+02,1.169362307997235348e+03,1.380956347322526653e+03,1.574800124879563782e+03,1.756076419601225780e+03
6.338798515656072823e+02,9.256821451296232226e+02,1.162878511903992603e+03,1.372092810904035105e+03,1.563531755943226699e+03,1.742389737349508778e+03
6.320573608898662314e+02,9.217224640195347547e+02,1.156686421509867614e+03,1.363620614034181926e+03,1.552752890498663874e+03,1.729289137427264222e+03
6.303214800392453299e+02,9.179457075675067017e+02,1.150774208904863372e+03,1.355524452743022493e+03,1.542444970060893183e+03,1.716752995763491981e+03
6.286683029264111155e+02,9.143440683702933711e+02,1.145130423642573533e+03,1.347789472405126844e+03,1.532589942969939102e+03,1.704760242201649589e+03
6.270940810912555889e+02,9.109100186080652293e+02,1.139743988214323053e+03,1.340401264850736197e+03,1.523170263352695656e+03,1.693290361289228258e+03
6.255952189373103920e+02,9.076363043143124969e+02,1.134604193042613133e+03,1.333345864826382240e+03,1.514168889332866229e+03,1.682323392279204882e+03
6.241682689750938380e+02,9.045159394261382886e+02,1.129700691023639138e+03,1.326609745823837102e+03,1.505569280490857409e+03,1.671839928321252046e+03
6.228099270858649561e+02,9.015421996440074963e+02,1.125023491650894357e+03,1.320179815301401732e+03,1.497355394581376231e+03,1.661821114830655688e+03
6.215170278181830099e+02,8.987086161296019782e+02,1.120562954753597751e+03,1.314043409325940047e+03,1.489511683524312275e+03,1.652248647031836981e+03
6.202865397286217330e+02,8.960089690696961497e+02,1.116309783884836634e+03,1.308188286667835655e+03,1.482023088690723171e+03,1.643104766683913567e+03
6.191155607769183007e+02,8.934372811331023740e+02,1.112255019395028285e+03,1.302602622384088590e+03,1.474875035511433225e+03,1.634372258000919146e+03
6.180013137848093265e+02,8.909878108466380127e+02,1.108390031226596875e+03,1.297275000927197652e+03,1.468053427440585892e+03,1.626034442789519744e+03
6.169411419668058443e+02,8.886550459148601249e+02,1.104706511465599306e+03,1.292194408819241744e+03,1.461544639310593993e+03,1.618075174831785262e+03
6.159325045402113119e+02,8.864336965069860526e+02,1.101196466685582436e+03,1.287350226931814404e+03,1.455335510118262391e+03,1.610478833546760370e+03
6.149729724207247727e+02,8.843186885330077303e+02,1.097852210118175208e+03,1.282732222413087356e+03,1.449413335284498316e+03,1.603230316969347768e+03
6.140602240091510566e+02,8.823051569295529362e+02,1.094666353683832313e+03,1.278330540303510816e+03,1.443765858431893776e+03,1.596315034088871698e+03
6.131920410738600822e+02,8.803884389745242061e+02,1.091631799914941439e+03,1.274135694881340441e+03,1.438381262725802344e+03,1.589718896592901046e+03
6.123663047329010851e+02,8.785640676480533102e+02,1.088741733801980899e+03,1.270138560778563260e+03,1.433248161825169063e+03,1.583428310064258767e+03
6.115809915389193065e+02,8.768277650557940888e+02,1.085989614591888085e+03,1.266330363906776256e+03,1.428355590489520864e+03,1.577430164680785765e+03
6.108341696693785252e+02,8.751754359290742968e+02,1.083369167566046144e+03,1.262702672231303950e+03,1.423692994888197973e+03,1.571711825468387588e+03
6.101239952239438935e+02,8.736031612149859029e+02,1.080874375823533683e+03,1.259247386430285360e+03,1.419250222657082986e+03,1.566261122158290618e+03
6.094487086303338401e+02,8.721071917680632168e+02,1.078499472093453505e+03,1.255956730473760445e+03,1.415017512746967213e+03,1.561066338699173912e+03
6.088066311593969431e+02,8.706839421538454644e+02,1.076238930598294246e+03,1.252823242155888238e+03,1.410985485106203896e+03,1.556116202474198190e+03
6.081961615497277762e+02,8.693299845733214397e+02,1.074087458988429944e+03,1.249839763611421176e+03,1.407145130238556249e+03,1.551399873271793695e+03
6.076157727416727994e+02,8.680420429159944433e+02,1.072039990366029997e+03,1.246999431845518529e+03,1.403487798675198064e+03,1.546906932057601807e+03
6.070640087202277755e+02,8.668169869481737351e+02,1.070091675414840211e+03,1.244295669303803379e+03,1.400005190397701654e+03,1.542627369593112235e+03
6.065394814659448457e+02,8.656518266419574275e+02,1.068237874650569211e+03,1.241722174507474847e+03,1.396689344246603696e+03,1.538551574944521235e+03
6.060408680126940908e+02,8.645437066493883549e+02,1.066474150804913961e+03,1.239272912776114254e+03,1.393532627347789003e+03,1.534670323923035767e+03
6.055669076108472382e+02,8.634899009252776523e+02,1.064796261354634680e+03,1.236942107058722968e+03,1.390527724586581826e+03,1.530974767495446486e+03
6.051163989941948103e+02,8.624878075013413081e+02,1.063200151205580823e+03,1.234724228891478560e+03,1.387667628156996443e+03,1.527456420201249102e+03
6.046881977487465747e+02,8.615349434134707280e+02,1.061681945540081415e+03,1.232613989498678848e+03,1.384945627211246119e+03,1.524107148610014065e+03
6.042812137813541540e+02,8.606289397832121040e+02,1.060237942834774458e+03,1.230606331051421193e+03,1.382355297632233942e+03,1.520919159850067444e+03
6.038944088859700514e+02,8.597675370538894413e+02,1.058864608054655946e+03,1.228696418096732486e+03,1.379890491949441866e+03,1.517884990236925205e+03
6.035267944052293387e+02,8.589485803811669484e+02,1.057558566027943016e+03,1.226879629168096471e+03,1.377545329416427876e+03,1.514997494027316861e+03
6.031774289849458910e+02,8.581700151773204652e+02,1.056316595005252111e+03,1.225151548586695981e+03,1.375314186265972467e+03,1.512249832322111615e+03
6.028454164190293341e+02,8.574298828080003432e+02,1.055135620405576447e+03,1.223507958461110775e+03,1.373191686156886135e+03,1.509635462138946650e+03
6.025299035822854421e+02,8.567263164398311801e+02,1.054012708750623460e+03,1.221944830891788342e+03,1.371172690824525489e+03,1.507148125673013055e+03
6.022300784485032636e+02,8.560575370368142103e+02,1.052945061788231214e+03,1.220458320385247134e+03,1.369252290945242066e+03,1.504781839762151321e+03
6.019451681912165668e+02,8.554218495031868770e+02,1.051930010804818494e+03,1.219044756481723425e+03,1.367425797223273094e+03,1.502530885570226474e+03
6.016744373645252608e+02,8.548176389700756772e+02,1.050965011126144418e+03,1.217700636598851133e+03,1.365688731706947692e+03,1.500389798500710640e+03
6.014171861613227748e+02,8.542433672230565662e+02,1.050047636805024467e+03,1.216422619092912100e+03,1.364036819339624799e+03,1.498353358350475219e+03
6.011727487463452917e+02,8.536975692675405298e+02,1.049175575494129589e+03,1.215207516538230720e+03,1.362465979749385497e+03,1.496416579711953545e+03
6.009404916614130343e+02,8.531788500286963881e+02,1.048346623501490967e+03,1.214052289224470314e+03,1.360972319280230749e+03,1.494574702630199454e+03
6.007198123003249748e+02,8.526858811825228486e+02,1.047558681025926489e+03,1.212954038870778049e+03,1.359552123266406852e+03,1.492823183519794156e+03
6.005101374508427625e+02,8.522173981145534754e+02,1.046809747569243882e+03,1.211910002555062192e+03,1.358201848550407931e+03,1.491157686345098227e+03
6.003109219012962967e+02,8.517721970025845621e+02,1.046097917521756017e+03,1.210917546856077934e+03,1.356918116244270323e+03,1.489574074066100366e+03
6.001216471093484870e+02,8.513491320197971390e+02,1.045421375917378327e+03,1.209974162205454377e+03,1.355697704732926240e+03,1.488068400350854063e+03
5.999418199305252983e+02,8.509471126545598736e+02,1.044778394354369084e+03,1.209077457446329618e+03,1.354537542917616747e+03,1.486636901554479209e+03
5.997709714041797042e+02,8.505651011432086079e+02,1.044167327077592290e+03,1.208225154594862943e+03,1.353434703696711949e+03,1.485275988963679310e+03
5.996086555945894361e+02,8.502021100121055497e+02,1.043586607218027439e+03,1.207415083800546654e+03,1.352386397680661730e+03,1.483982241304925537e+03
5.994544484849825494e+02,8.498571997252681740e+02,1.043034743185158732e+03,1.206645178500944894e+03,1.351389967137335134e+03,1.482752397513605956e+03
5.993079469223118849e+02,8.495294764339064386e+02,1.042510315207792246e+03,1.205913470766261526e+03,1.350442880163517202e+03,1.481583349760856436e+03
5.991687676106935214e+02,8.492180898242430658e+02,1.042011972018778579e+03,1.205218086828916285e+03,1.349542725077976911e+03,1.480472136734103742e+03
5.990365461514635399e+02,8.489222310600375749e+02,1.041538427679136475e+03,1.204557242793186560e+03,1.348687205031203121e+03,1.479415937166915228e+03
5.989109361278871120e+02,8.486411308162921614e+02,1.041088458537004044e+03,1.203929240519834593e+03,1.347874132826633058e+03,1.478412063613252712e+03
5.987916082326123615e+02,8.483740574006866382e+02,1.040660900316928746e+03,1.203332463680563023e+03,1.347101425947982307e+03,1.477457956460897776e+03
5.986782494360327291e+02,8.481203149593675334e+02,1.040254645334962788e+03,1.202765373977093986e+03,1.346367101787137017e+03,1.476551178178466671e+03
5.985705621937661363e+02,8.478792417637727112e+02,1.039868639835139447e+03,1.202226507519637380e+03,1.345669273066914002e+03,1.475689407790227506e+03
5.984682636915515559e+02,8.476502085752805442e+02,1.039501881442933609e+03,1.201714471359511663e+03,1.345006143452934566e+03,1.474870435572674523e+03
5.983710851259061201e+02,8.474326170845380375e+02,1.039153416731362995e+03,1.201227940170707598e+03,1.344376003348789027e+03,1.474092157966715831e+03
5.982787710189484187e+02,8.472258984224175720e+02,1.038822338895509802e+03,1.200765653075221508e+03,1.343777225868632968e+03,1.473352572699177244e+03
5.981910785658626537e+02,8.470295117396410660e+02,1.038507785531281570e+03,1.200326410607032585e+03,1.343208262981384905e+03,1.472649774107278290e+03
5.981077770135364062e+02,8.468429428521936870e+02,1.038208936514357902e+03,1.199909071809692250e+03,1.342667641820703693e+03,1.471981948659678437e+03
5.980286470689485441e+02,8.466657029497547455e+02,1.037925011975337156e+03,1.199512551462535612e+03,1.342153961154957642e+03,1.471347370667704354e+03
5.979534803359655371e+02,8.464973273644482106e+02,1.037655270367237335e+03,1.199135817430669022e+03,1.341665888011501465e+03,1.470744398180359894e+03
5.978820787792358260e+02,8.463373743973101000e+02,1.037399006621572426e+03,1.198777888133942270e+03,1.341202154449600584e+03,1.470171469056798287e+03
5.978142542139316902e+02,8.461854241999744772e+02,1.037155550389354630e+03,1.198437830130252678e+03,1.340761554476492165e+03,1.469627097209951899e+03
5.977498278201579751e+02,8.460410777091553882e+02,1.036924264363489783e+03,1.198114755808627024e+03,1.340342941101138877e+03,1.469109869015153436e+03
5.976886296808615953e+02,8.459039556315829032e+02,1.036704542679121460e+03,1.197807821187660693e+03,1.339945223520355512e+03,1.468618439877627679e+03
5.976304983421684938e+02,8.457736974771627274e+02,1.036495809388610269e+03,1.197516223814999194e+03,1.339567364432122076e+03,1.468151530952874964e+03
5.975752803950690577e+02,8.456499606381967169e+02,1.036297517007942361e+03,1.197239200763691315e+03,1.339208377471008134e+03,1.467707926014072882e+03
5.975228300774837180e+02,8.455324195125875804e+02,1.036109145131458490e+03,1.196976026721350081e+03,1.338867324760779184e+03,1.467286468460763899e+03
5.974730088957130647e+02,8.454207646690299498e+02,1.035930199111930960e+03,1.196726012168209536e+03,1.338543314579388152e+03,1.466886058463232075e+03
5.974256852643791262e+02,8.453147020522869752e+02,1.035760208803093064e+03,1.196488501640273853e+03,1.338235499131705183e+03,1.466505650237104419e+03
